17.5428264 14.1972095 6.6202675 14.0168548
21.3863252 12.8068507 6.5209113 14.2794881
35.7703630 11.6778838 6.5541110 11.2050624
34.4421040 10.9814439 6.6424420 8.5699277
33.2930930 10.5207913 6.7620530 6.4633812
32.2356154 10.1947622 6.8973382 4.9836296
31.2218382 9.9403257 7.0447116 3.8841175
30.2284786 9.7279643 7.2006212 3.0311838
29.2435218 9.5425796 7.3615701 2.3574551
28.2607015 9.3755028 7.5246986 1.8219160
27.2769127 9.2213634 7.6878863 1.3960922
26.2908153 9.0766488 7.8496853 1.0584690
25.3020313 8.9389673 8.0091958 0.7921371
24.3106758 8.8066325 8.1659403 0.5835988
23.3170877 8.6784142 8.3197566 0.4219011
22.3216778 8.5533870 8.4707067 0.2981906
21.3248505 8.4308312 8.6190101 0.1978385
20.3268884 8.3104698 8.7645411 0.0885265
19.3277625 8.1932197 8.9055075 -0.0547889
18.3272501 8.0810490 23.8303168 -14.6500262
17.2935630 8.6103811 24.3835170 -13.7596829
16.3698914 9.3745692 25.0685239 -12.7296142
15.5236398 10.4081197 25.8586683 -12.8576964
14.7546349 11.8808857 27.0270997 -13.7108317
14.0807392 14.1028197 28.9797790 -14.3368628
13.5067665 13.5836519 31.6650714 -14.7615119
13.0366429 12.2171439 30.2930674 -15.0224961
12.6757470 11.0429431 29.1226493 -15.1632247
12.4336458 10.0372393 28.1364264 -15.2261755
12.3274756 9.1797275 27.3169306 -15.2454173
12.3865457 8.4544654 26.6494638 -15.2353530
12.6589944 7.8499531 26.1233916 -15.1684181
13.2208807 7.3584531 25.7311280 -14.9302347
14.1840897 6.9739302 25.4620221 -14.2492303
15.6819081 6.6870880 25.2851710 -12.6664992
17.7609616 6.4762696 25.1173530 -14.2013414
22.0574880 6.3975934 25.1815507 -15.2713022
21.0400517 6.4782816 25.5169845 -15.2713022
19.8624241 6.7326803 26.0855719 -15.2666885
18.8433678 7.2053209 9.7379280 -2.2179691
17.8481823 7.3184959 25.8647545 -14.2769307
16.9701348 8.0763992 26.8691558 -13.4209342
16.1796368 9.1450381 28.1080581 -12.4952909
15.4507584 10.6019451 29.5989045 -12.9440762
14.8069151 12.7539428 31.8908230 -13.6571897
14.2649553 14.0671699 35.6487088 -14.1784467
13.8318406 12.7430578 42.0711842 -14.5343414
13.5161813 11.5980379 46.2607690 -14.7554486
13.3307837 10.6141677 45.0687306 -14.8689626
13.2957105 9.7750725 44.1572835 -14.8890113
13.4419723 9.0670109 43.5128736 -14.8023866
13.8155564 8.4789368 27.4508760 -14.5465712
14.4796283 8.0014478 19.5953294 -13.9703661
15.5049610 7.6239781 16.1529413 -12.1136742
16.7689701 7.3170495 14.4486582 -11.5136097
18.6043098 7.0857066 13.2861602 -12.7629240
22.1056535 6.9699852 12.1802688 -11.9560296
27.9113808 6.9437814 11.3496193 -9.7391941
36.6709503 6.9642029 10.8051044 -7.5643584
35.8273174 7.0076030 10.4458783 -5.6719549
34.7247182 7.0577285 10.2064057 -4.3933034
33.6722597 7.1146208 10.0287177 -3.4684367
32.6467883 7.1774205 9.8864145 -2.7553938
31.6361126 7.2444367 9.7667555 -2.1888122
30.6333506 7.3140122 9.6626813 -1.7328142
29.6345409 7.3847926 9.5698723 -1.3641888
28.6374291 7.4557628 9.4855000 -1.0661721
27.6407793 7.5262116 9.4076179 -0.8256946
26.6439595 7.5956691 9.3348388 -0.6322512
25.6466882 7.6638487 9.2661461 -0.4763384
24.6488750 7.7305535 9.2008225 -0.3502823
23.6505283 7.7956413 9.1383647 -0.2483269
22.6517046 7.8590219 9.0784042 -0.1657170
21.6524784 7.9206350 9.0206749 -0.0984461
20.6529251 7.9804300 8.9649941 -0.0432791
19.6531136 8.0383581 8.9112437 -0.0379692
18.6532716 8.0964183 8.8574295 -0.1712591
17.6539602 8.1616712 8.7970254 -0.4176700
16.6556302 8.2413576 8.7238620 -0.8666322
15.6592459 8.3489596 8.6271971 -1.4743275
14.6660128 8.4988663 8.4978490 -1.8940823
13.6757480 8.6893945 8.3418188 -2.4141731
12.6897418 8.9343197 8.1542662 -3.0040813
11.7094008 9.2495619 7.9321884 -3.5616834
10.7354792 9.6487946 7.6770198 -3.8900870
9.7666121 10.1335681 7.3969762 -3.8354476
8.7989421 10.6807378 7.1040929 -1.7139841
7.8126339 9.4007120 6.8551940 -6.6927722
